# Tor state file last generated on 2014-08-19 08:24:42 local time
# Other times below are in UTC
# You *do not* need to edit this file.

EntryGuard test001r 52C33DA3D07AD109C29802BE3E4F684FBA4AF1AE DirCache
EntryGuardDownSince 2014-08-19 06:53:59 2014-08-19 06:53:59
EntryGuardAddedBy 52C33DA3D07AD109C29802BE3E4F684FBA4AF1AE 0.2.4.23 2014-08-09 21:27:56
EntryGuardPathBias 53.000000 53.000000 53.000000 0.000000 0.000000 0.000000
EntryGuard test002r 78C676B6CF3375AC6BF3631310D69B81984C2E92 DirCache
EntryGuardAddedBy 78C676B6CF3375AC6BF3631310D69B81984C2E92 0.2.4.23 2014-08-10 18:41:36
EntryGuardPathBias 46.000000 46.000000 46.000000 0.000000 0.000000 0.000000
EntryGuard test000a 69C62DA6F3AA8E94EFA02BC3392AEF83F8351C1D DirCache
EntryGuardDownSince 2014-08-18 19:20:38 2014-08-18 19:20:38
EntryGuardUnlistedSince 2014-08-18 19:25:40
EntryGuardAddedBy 69C62DA6F3AA8E94EFA02BC3392AEF83F8351C1D 0.2.4.23 2014-08-14 07:33:45
EntryGuardPathBias 1.000000 1.000000 1.000000 0.000000 0.000000 0.000000
BWHistoryReadEnds 2014-08-19 08:26:24
BWHistoryReadValues 1024,0,0,0,33792,34816,14336,13312,14336,15360,9216,5120,9216,20480,20480,13312,10240,12288,9216,12288,10240,15360,9216,7168,18432,13312,19456,22528,6144,12288,9216,8192,7168,6144,15360,16384,19456,16384,22528,20480,10240,8192,6144,17408,6144,8192,13312,18432,17408,20480,14336,10240,15360,9216,9216,8192,8192
BWHistoryReadMaxima 0,0,0,0,1024,1024,0,0,0,0,0,0,0,0,0,0,0,0,0,0,0,0,0,0,0,0,0,0,0,0,0,0,0,0,0,0,0,0,0,0,0,0,0,0,0,0,0,0,0,0,0,0,0,0,0,0,0
BWHistoryWriteEnds 2014-08-19 08:26:24
BWHistoryWriteValues 3072,0,0,0,24576,30720,6144,9216,9216,10240,5120,1024,4096,13312,19456,12288,4096,8192,4096,7168,5120,10240,2048,4096,13312,10240,15360,20480,3072,7168,3072,3072,3072,1024,9216,11264,18432,15360,17408,16384,7168,4096,1024,10240,3072,3072,9216,13312,15360,17408,12288,7168,8192,3072,5120,3072,4096
BWHistoryWriteMaxima 0,0,0,0,0,1024,0,0,0,0,0,0,0,0,0,0,0,0,0,0,0,0,0,0,0,0,0,0,0,0,0,0,0,0,0,0,0,0,0,0,0,0,0,0,0,0,0,0,0,0,0,0,0,0,0,0,0
BWHistoryDirReadEnds 2014-08-19 08:26:24
BWHistoryDirReadValues 0,0,0,0,0,0,0,0,0,0,0,0,0,0,0,0,0,0,0,0,0,0,0,0,0,0,0,0,0,0,0,0,0,0,0,0,0,0,0,0,0,0,0,0,0,0,0,0,0,0,0,0,0,0,0,0,0
BWHistoryDirReadMaxima 0,0,0,0,0,0,0,0,0,0,0,0,0,0,0,0,0,0,0,0,0,0,0,0,0,0,0,0,0,0,0,0,0,0,0,0,0,0,0,0,0,0,0,0,0,0,0,0,0,0,0,0,0,0,0,0,0
BWHistoryDirWriteEnds 2014-08-19 08:26:24
BWHistoryDirWriteValues 0,0,0,0,0,0,0,0,0,0,0,0,0,0,0,0,0,0,0,0,0,0,0,0,0,0,0,0,0,0,0,0,0,0,0,0,0,0,0,0,0,0,0,0,0,0,0,0,0,0,0,0,0,0,0,0,0
BWHistoryDirWriteMaxima 0,0,0,0,0,0,0,0,0,0,0,0,0,0,0,0,0,0,0,0,0,0,0,0,0,0,0,0,0,0,0,0,0,0,0,0,0,0,0,0,0,0,0,0,0,0,0,0,0,0,0,0,0,0,0,0,0
TorVersion Tor 0.2.4.23 (git-19f0f189116dba73)
LastRotatedOnionKey 2014-08-18 18:11:24
LastWritten 2014-08-19 08:24:42
TotalBuildTimes 100
CircuitBuildTimeBin 25 96
CircuitBuildTimeBin 75 1
CircuitBuildTimeBin 175 3
