# Tor state file last generated on 2014-08-19 11:43:44 local time
# Other times below are in UTC
# You *do not* need to edit this file.

EntryGuard test003r 770CEFC1CC8F5C42280CB8600A8B4B545F91F173 DirCache
EntryGuardDownSince 2014-08-18 19:27:25 2014-08-18 19:27:25
EntryGuardUnlistedSince 2014-08-18 19:31:21
EntryGuardAddedBy 770CEFC1CC8F5C42280CB8600A8B4B545F91F173 0.2.4.23 2014-07-29 17:34:17
EntryGuard test001r 52C33DA3D07AD109C29802BE3E4F684FBA4AF1AE DirCache
EntryGuardAddedBy 52C33DA3D07AD109C29802BE3E4F684FBA4AF1AE 0.2.4.23 2014-07-28 22:45:42
EntryGuard test000a 69C62DA6F3AA8E94EFA02BC3392AEF83F8351C1D DirCache
EntryGuardUnlistedSince 2014-08-18 19:26:16
EntryGuardAddedBy 69C62DA6F3AA8E94EFA02BC3392AEF83F8351C1D 0.2.4.23 2014-07-29 11:59:48
BWHistoryReadEnds 2014-08-19 11:56:24
BWHistoryReadValues 1024,0,0,0,55296,581632,29696,18432,16384,41984,49152,39936,41984,57344,54272,58368,21504,19456,14336,16384,18432,21504,14336,11264,18432,13312,29696,41984,12288,14336,10240,14336,11264,12288,14336,21504,44032,33792,27648,19456,15360,7168,9216,14336,9216,6144,20480,36864,17408,23552,18432,15360,22528,11264,18432,16384,14336,14336,9216,11264,8192,10240,8192,11264,15360,11264,8192,9216,16384,7168,4096
BWHistoryReadMaxima 0,0,0,0,2048,53248,0,0,0,0,0,0,0,0,0,0,0,0,0,0,0,0,0,0,0,0,0,0,0,0,0,0,0,0,0,0,0,0,0,0,0,0,0,0,0,0,0,0,0,0,0,0,0,0,0,0,0,0,0,0,0,0,0,0,0,0,0,0,0,0,0
BWHistoryWriteEnds 2014-08-19 11:56:24
BWHistoryWriteValues 3072,0,0,0,46080,575488,25600,11264,12288,39936,44032,30720,34816,52224,46080,46080,18432,14336,11264,12288,17408,16384,15360,10240,17408,5120,24576,38912,10240,14336,2048,16384,11264,19456,8192,16384,46080,34816,26624,10240,11264,3072,8192,8192,2048,3072,15360,37888,12288,23552,14336,11264,21504,11264,19456,17408,19456,16384,8192,10240,3072,7168,4096,10240,19456,11264,7168,4096,17408,7168,2048
BWHistoryWriteMaxima 0,0,0,0,1024,54272,0,0,0,0,0,0,0,0,0,0,0,0,0,0,0,0,0,0,0,0,0,0,0,0,0,0,0,0,0,0,0,0,0,0,0,0,0,0,0,0,0,0,0,0,0,0,0,0,0,0,0,0,0,0,0,0,0,0,0,0,0,0,0,0,0
BWHistoryDirReadEnds 2014-08-19 11:56:24
BWHistoryDirReadValues 0,0,0,0,0,0,0,0,0,0,0,0,0,0,0,0,0,0,0,0,0,0,0,0,0,0,0,0,0,0,0,0,0,0,0,0,0,0,0,0,0,0,0,0,0,0,0,0,0,0,0,0,0,0,0,0,0,0,0,0,0,0,0,0,0,0,0,0,0,0,0
BWHistoryDirReadMaxima 0,0,0,0,0,0,0,0,0,0,0,0,0,0,0,0,0,0,0,0,0,0,0,0,0,0,0,0,0,0,0,0,0,0,0,0,0,0,0,0,0,0,0,0,0,0,0,0,0,0,0,0,0,0,0,0,0,0,0,0,0,0,0,0,0,0,0,0,0,0,0
BWHistoryDirWriteEnds 2014-08-19 11:56:24
BWHistoryDirWriteValues 0,0,0,0,0,0,0,0,0,2048,1024,1024,1024,2048,2048,1024,1024,0,1024,1024,2048,0,2048,1024,1024,0,0,1024,1024,1024,0,2048,1024,3072,0,0,2048,2048,1024,0,1024,0,1024,0,0,0,0,2048,0,2048,1024,1024,1024,1024,2048,2048,2048,2048,1024,1024,0,1024,0,1024,3072,1024,1024,0,2048,1024,0
BWHistoryDirWriteMaxima 0,0,0,0,0,0,0,0,0,0,0,0,0,0,0,0,0,0,0,0,0,0,0,0,0,0,0,0,0,0,0,0,0,0,0,0,0,0,0,0,0,0,0,0,0,0,0,0,0,0,0,0,0,0,0,0,0,0,0,0,0,0,0,0,0,0,0,0,0,0,0
TorVersion Tor 0.2.4.23 (git-19f0f189116dba73)
LastRotatedOnionKey 2014-08-18 18:11:24
LastWritten 2014-08-19 11:43:44
