# Tor state file last generated on 2014-08-19 07:19:27 local time
# Other times below are in UTC
# You *do not* need to edit this file.

BWHistoryReadEnds 2014-08-19 07:26:24
BWHistoryReadValues 17408,0,0,0,104448,584704,50176,29696,18432,40960,51200,43008,48128,57344,66560,58368,28672,13312,15360,17408,13312,22528,8192,10240,24576,18432,25600,33792,7168,19456,10240,9216,11264,7168,19456,21504,29696,24576,27648,26624,14336,12288,4096,22528,10240,8192,22528,23552,22528,30720,22528,13312,13312
BWHistoryReadMaxima 1024,0,0,0,4096,54272,1024,0,0,0,0,0,0,0,0,0,0,0,0,0,0,0,0,0,0,0,0,0,0,0,0,0,0,0,0,0,0,0,0,0,0,0,0,0,0,0,0,0,0,0,0,0,0
BWHistoryWriteEnds 2014-08-19 07:26:24
BWHistoryWriteValues 12288,0,0,0,125952,598016,72704,49152,34816,62464,62464,59392,59392,74752,77824,72704,41984,27648,29696,32768,29696,36864,27648,23552,38912,33792,38912,51200,22528,30720,28672,26624,23552,21504,35840,35840,45056,37888,43008,44032,28672,25600,20480,39936,25600,20480,35840,40960,35840,46080,36864,29696,21504
BWHistoryWriteMaxima 0,0,0,0,3072,53248,2048,0,0,0,0,0,0,0,0,0,0,0,0,0,0,0,0,0,0,0,0,0,0,0,0,0,0,0,0,0,0,0,0,0,0,0,0,0,0,0,0,0,0,0,0,0,0
BWHistoryDirReadEnds 2014-08-19 07:26:24
BWHistoryDirReadValues 7168,0,0,0,11264,13312,11264,5120,4096,5120,5120,4096,4096,4096,4096,4096,5120,5120,3072,4096,4096,4096,4096,4096,4096,4096,5120,4096,4096,4096,4096,4096,4096,4096,4096,4096,4096,5120,4096,4096,5120,4096,4096,5120,4096,3072,5120,4096,3072,4096,4096,4096,2048
BWHistoryDirReadMaxima 0,0,0,0,0,0,0,0,0,0,0,0,0,0,0,0,0,0,0,0,0,0,0,0,0,0,0,0,0,0,0,0,0,0,0,0,0,0,0,0,0,0,0,0,0,0,0,0,0,0,0,0,0
BWHistoryDirWriteEnds 2014-08-19 07:26:24
BWHistoryDirWriteValues 0,0,0,0,31744,31744,26624,21504,17408,22528,17408,21504,16384,23552,17408,19456,19456,18432,18432,19456,19456,18432,22528,18432,19456,19456,18432,21504,18432,16384,22528,21504,16384,18432,20480,18432,19456,18432,20480,21504,19456,17408,19456,22528,19456,15360,18432,21504,17408,20480,18432,19456,10240
BWHistoryDirWriteMaxima 0,0,0,0,1024,0,0,0,0,0,0,0,0,0,0,0,0,0,0,0,0,0,0,0,0,0,0,0,0,0,0,0,0,0,0,0,0,0,0,0,0,0,0,0,0,0,0,0,0,0,0,0,0
TorVersion Tor 0.2.4.23 (git-19f0f189116dba73)
LastRotatedOnionKey 2014-08-18 18:11:24
LastWritten 2014-08-19 07:19:27
