# Tor state file last generated on 2014-08-19 13:48:47 local time
# Other times below are in UTC
# You *do not* need to edit this file.

EntryGuard test003r 770CEFC1CC8F5C42280CB8600A8B4B545F91F173 DirCache
EntryGuardDownSince 2014-08-18 19:21:11 2014-08-18 19:21:11
EntryGuardUnlistedSince 2014-08-18 19:31:08
EntryGuardAddedBy 770CEFC1CC8F5C42280CB8600A8B4B545F91F173 0.2.4.23 2014-07-24 02:37:37
EntryGuard test002r 78C676B6CF3375AC6BF3631310D69B81984C2E92 DirCache
EntryGuardAddedBy 78C676B6CF3375AC6BF3631310D69B81984C2E92 0.2.4.23 2014-08-08 00:23:04
EntryGuardPathBias 4.000000 4.000000 4.000000 0.000000 0.000000 0.000000
EntryGuard test000a 69C62DA6F3AA8E94EFA02BC3392AEF83F8351C1D DirCache
EntryGuardUnlistedSince 2014-08-18 19:27:04
EntryGuardAddedBy 69C62DA6F3AA8E94EFA02BC3392AEF83F8351C1D 0.2.4.23 2014-08-12 18:43:30
EntryGuardPathBias 11.000000 0.000000 0.000000 0.000000 0.000000 0.000000
BWHistoryReadEnds 2014-08-19 13:56:24
BWHistoryReadValues 1024,0,0,0,86016,579584,29696,20480,13312,34816,38912,46080,43008,53248,77824,47104,25600,17408,13312,24576,15360,22528,12288,10240,27648,25600,21504,28672,11264,18432,18432,11264,9216,10240,23552,16384,23552,14336,27648,40960,12288,12288,9216,26624,19456,9216,16384,17408,31744,34816,32768,12288,16384,10240,10240,10240,7168,13312,14336,4096,15360,11264,11264,10240,9216,8192,9216,12288,8192,11264,16384,10240,8192,10240,8192,15360,5120,14336,3072
BWHistoryReadMaxima 0,0,0,0,2048,53248,0,0,0,0,0,0,0,0,0,0,0,0,0,0,0,0,0,0,0,0,0,0,0,0,0,0,0,0,0,0,0,0,0,0,0,0,0,0,0,0,0,0,0,0,0,0,0,0,0,0,0,0,0,0,0,0,0,0,0,0,0,0,0,0,0,0,0,0,0,0,0,0,0
BWHistoryWriteEnds 2014-08-19 13:56:24
BWHistoryWriteValues 3072,0,0,0,82944,573440,23552,12288,10240,27648,32768,37888,38912,40960,70656,38912,22528,14336,9216,20480,13312,27648,10240,8192,26624,24576,23552,25600,9216,18432,23552,8192,10240,4096,25600,16384,13312,6144,24576,37888,12288,10240,7168,28672,26624,11264,15360,10240,30720,28672,30720,11264,15360,9216,5120,5120,1024,10240,16384,1024,16384,10240,14336,4096,4096,7168,4096,14336,3072,10240,18432,9216,4096,8192,4096,16384,1024,12288,0
BWHistoryWriteMaxima 0,0,0,0,2048,54272,0,0,0,0,0,0,0,0,0,0,0,0,0,0,0,0,0,0,0,0,0,0,0,0,0,0,0,0,0,0,0,0,0,0,0,0,0,0,0,0,0,0,0,0,0,0,0,0,0,0,0,0,0,0,0,0,0,0,0,0,0,0,0,0,0,0,0,0,0,0,0,0,0
BWHistoryDirReadEnds 2014-08-19 13:56:24
BWHistoryDirReadValues 0,0,0,0,0,0,0,0,0,0,0,0,0,0,0,0,0,0,0,0,0,0,0,0,0,0,0,0,0,0,0,0,0,0,0,0,0,0,0,0,0,0,0,0,0,0,0,0,0,0,0,0,0,0,0,0,0,0,0,0,0,0,0,0,0,0,0,0,0,0,0,0,0,0,0,0,0,0,0
BWHistoryDirReadMaxima 0,0,0,0,0,0,0,0,0,0,0,0,0,0,0,0,0,0,0,0,0,0,0,0,0,0,0,0,0,0,0,0,0,0,0,0,0,0,0,0,0,0,0,0,0,0,0,0,0,0,0,0,0,0,0,0,0,0,0,0,0,0,0,0,0,0,0,0,0,0,0,0,0,0,0,0,0,0,0
BWHistoryDirWriteEnds 2014-08-19 13:56:24
BWHistoryDirWriteValues 0,0,0,0,0,0,0,0,0,0,1024,1024,1024,0,1024,0,1024,2048,1024,1024,1024,3072,1024,1024,1024,1024,2048,2048,1024,1024,3072,1024,1024,0,2048,1024,0,0,1024,1024,1024,1024,1024,2048,3072,2048,1024,0,2048,0,1024,1024,1024,1024,0,0,0,1024,2048,0,2048,1024,2048,0,0,1024,0,2048,0,1024,3072,1024,0,1024,0,2048,0,1024,0
BWHistoryDirWriteMaxima 0,0,0,0,0,0,0,0,0,0,0,0,0,0,0,0,0,0,0,0,0,0,0,0,0,0,0,0,0,0,0,0,0,0,0,0,0,0,0,0,0,0,0,0,0,0,0,0,0,0,0,0,0,0,0,0,0,0,0,0,0,0,0,0,0,0,0,0,0,0,0,0,0,0,0,0,0,0,0
TorVersion Tor 0.2.4.23 (git-19f0f189116dba73)
LastRotatedOnionKey 2014-08-18 18:11:24
LastWritten 2014-08-19 13:48:47
TotalBuildTimes 4
CircuitBuildTimeBin 25 4
